Successfully initialized positions from /home/tes77/Desktop/ammar/task_description.yml.
Successfully initialized intrinsics from /home/tes77/ros_ws/src/3d-calibration/intrinsic/intrinsic_simulation/tests/basic_camera.yml.
Read in 12816 entries from /home/tes77/Desktop/ammar/detections.csv.

iter      cost      cost_change  |gradient|   |step|    tr_ratio  tr_radius  ls_iter  iter_time  total_time
   0  5.917852e+13    0.00e+00    3.13e+16   0.00e+00   0.00e+00  1.00e+04        0    3.76e+00    3.77e+00
   1  4.830884e+12    5.43e+13    2.53e+15   5.23e+02   9.18e-01  2.41e+04        1    7.49e+00    1.18e+01
   2  1.942372e+11    4.64e+12    1.01e+14   2.72e+02   9.60e-01  7.24e+04        1    7.40e+00    1.97e+01
   3  6.671783e+08    1.94e+11    2.41e+11   7.94e+01   9.97e-01  2.17e+05        1    7.57e+00    2.78e+01
   4  6.563216e+08    1.09e+07    2.35e+11   2.63e+00   2.01e-02  1.15e+05        1    1.14e+01    3.97e+01
   5  6.220747e+08    3.42e+07    2.17e+11   7.29e+00   6.54e-02  6.96e+04        1    1.11e+01    5.13e+01
   6  5.761691e+08    4.59e+07    1.92e+11   1.16e+01   9.29e-02  4.52e+04        1    1.11e+01    6.29e+01
   7  5.302436e+08    4.59e+07    1.65e+11   1.55e+01   1.00e-01  2.99e+04        1    1.11e+01    7.44e+01
   8  4.829293e+08    4.73e+07    1.37e+11   2.20e+01   1.12e-01  2.04e+04        1    1.11e+01    8.60e+01
   9  4.328354e+08    5.01e+07    1.05e+11   3.38e+01   1.29e-01  1.45e+04        1    1.11e+01    9.76e+01
  10  3.791124e+08    5.37e+07    6.93e+10   5.76e+01   1.53e-01  1.08e+04        1    1.11e+01    1.09e+02
  11  3.182723e+08    6.08e+07    3.51e+10   1.02e+02   1.96e-01  8.86e+03        1    1.11e+01    1.21e+02
  12  2.212045e+08    9.71e+07    2.84e+10   2.29e+02   3.74e-01  8.72e+03        1    1.11e+01    1.32e+02
  13  5.225215e+07    1.69e+08    1.93e+10   1.98e+02   9.41e-01  2.62e+04        1    7.39e+00    1.40e+02
  14  1.420596e+07    3.80e+07    1.06e+09   1.68e+02   1.11e+00  7.85e+04        1    7.38e+00    1.48e+02
  15  3.235203e+06    1.10e+07    4.91e+08   2.81e+02   9.94e-01  2.35e+05        1    7.39e+00    1.56e+02
  16  3.287779e+05    2.91e+06    1.73e+08   3.84e+02   9.23e-01  5.95e+05        1    7.39e+00    1.64e+02
  17  4.452674e+04    2.84e+05    7.34e+07   2.18e+02   9.32e-01  1.69e+06        1    7.43e+00    1.72e+02
  18  2.076929e+04    2.38e+04    5.51e+07   7.17e+01   9.38e-01  5.06e+06        1    7.40e+00    1.80e+02
  19  1.959568e+04    1.17e+03    2.20e+07   9.71e+01   8.51e-02  3.22e+06        1    7.41e+00    1.88e+02
  20  6.709386e+03    1.29e+04    1.95e+05   4.17e+00   9.99e-01  9.66e+06        1    7.40e+00    1.95e+02
  21  6.706309e+03    3.08e+00    6.51e+03   1.25e+00   9.71e-01  2.90e+07        1    7.39e+00    2.03e+02
  22  6.705968e+03    3.42e-01    2.09e+02   5.56e-02   9.91e-01  8.69e+07        1    7.39e+00    2.11e+02
  23  6.705252e+03    7.16e-01    1.91e+02   6.03e-02   1.00e+00  2.61e+08        1    7.50e+00    2.19e+02
  24  6.704269e+03    9.83e-01    3.75e+02   1.03e-01   1.00e+00  7.82e+08        1    7.40e+00    2.27e+02
  25  6.703726e+03    5.43e-01    3.71e+02   1.12e-01   1.00e+00  2.35e+09        1    7.39e+00    2.35e+02
  26  6.703647e+03    7.82e-02    1.55e+02   6.11e-02   1.01e+00  7.04e+09        1    7.39e+00    2.43e+02

Calibration complete.
RMS value is 0.897475 px.
SLED to TARGET:
	x = -0.149966	y = -0.058703	z = 0.056317
	r = 0.004425	p = -0.017424	w = 0.042961
CAMERA to MILL:
	x = -0.056798	y = 0.078224	z = -0.053810
	r = 0.017411	p = 0.016820	w = 0.017411

	0.999707	-0.017115	0.017118	-0.056798
	0.017408	0.999702	-0.017115	0.078224
	-0.016820	0.017408	0.999707	-0.053810
	0.000000	0.000000	0.000000	1.000000
INTRINSICS:
	fx = 1164.636172	fy = 1169.610140	 cx = 702.585302	 cy = 398.066864
	k1 = -0.350784	k2 = 0.286166	 k3 = 0.319847	 p1 = -0.000203	 p2 = 0.006485

